@<TRIPOS>MOLECULE
receptor.pdb
27 29 1 0 0
SMALL
NO_CHARGES


@<TRIPOS>ATOM
      1 N          -9.4360   -7.0620  -12.6230 N.4       1 SAM    0.0000
      2 CA        -10.4130   -7.7640  -13.5030 C.3       1 SAM    0.0000
      3 C         -10.9990   -9.0000  -12.8290 C.2       1 SAM    0.0000
      4 O         -10.3250   -9.7440  -12.1090 O.co2     1 SAM    0.0000
      5 OXT       -12.1760   -9.3000  -13.0060 O.co2     1 SAM    0.0000
      6 CB         -9.7470   -8.2220  -14.8000 C.3       1 SAM    0.0000
      7 CG         -8.9970   -7.1410  -15.5640 C.3       1 SAM    0.0000
      8 SD         -8.4160   -7.7930  -17.1470 S.3       1 SAM    0.0000
      9 CE         -7.0440   -8.8400  -16.5830 C.3       1 SAM    0.0000
     10 C5'        -7.3440   -6.4940  -17.8540 C.3       1 SAM    0.0000
     11 C4'        -8.1130   -5.2200  -18.1680 C.3       1 SAM    0.0000
     12 O4'        -7.3080   -4.0610  -18.0740 O.3       1 SAM    0.0000
     13 C3'        -8.7150   -5.2580  -19.5710 C.3       1 SAM    0.0000
     14 O3'       -10.1140   -5.0880  -19.4150 O.3       1 SAM    0.0000
     15 C2'        -8.0020   -4.1280  -20.3120 C.3       1 SAM    0.0000
     16 O2'        -8.8220   -3.4980  -21.2520 O.3       1 SAM    0.0000
     17 C1'        -7.6190   -3.1960  -19.1620 C.3       1 SAM    0.0000
     18 N9         -6.4770   -2.2900  -19.3950 N.ar      1 SAM    0.0000
     19 C8         -5.3020   -2.5430  -20.0470 C.ar      1 SAM    0.0000
     20 N7         -4.5310   -1.4370  -19.9740 N.ar      1 SAM    0.0000
     21 C5         -5.2020   -0.4870  -19.2890 C.ar      1 SAM    0.0000
     22 C6         -4.8980    0.8150  -18.9200 C.ar      1 SAM    0.0000
     23 N6         -3.7380    1.3650  -19.2590 N.pl3     1 SAM    0.0000
     24 N1         -5.8080    1.5340  -18.1820 N.ar      1 SAM    0.0000
     25 C2         -7.0310    0.9870  -17.8250 C.ar      1 SAM    0.0000
     26 N3         -7.3170   -0.3020  -18.1970 N.ar      1 SAM    0.0000
     27 C4         -6.4230   -1.0180  -18.9060 C.ar      1 SAM    0.0000
@<TRIPOS>BOND
     1    1    2 1
     2    2    3 1
     3    2    6 1
     4    3    4 2
     5    3    5 2
     6    6    7 1
     7    7    8 1
     8    8    9 1
     9    8   10 1
    10   10   11 1
    11   11   12 1
    12   11   13 1
    13   12   17 1
    14   13   14 1
    15   13   15 1
    16   15   16 1
    17   15   17 1
    18   17   18 1
    19   18   19 ar
    20   18   27 ar
    21   19   20 ar
    22   20   21 ar
    23   21   22 ar
    24   21   27 ar
    25   22   23 1
    26   22   24 ar
    27   24   25 ar
    28   25   26 ar
    29   26   27 ar
@<TRIPOS>SUBSTRUCTURE
     1 SAM     2 RESIDUE           4 A     SAM     0 ROOT
